1,
2,
5,
6,
8,
9,
10,
11,
12,
13,
14,
15,
16,
19,
20,
23,
24,
25,
28,
29,
30,
32,
33,
34,
36,
38,
39,
40,
41,
42,
45,
46,
48,
52,
57,
58,
59,
60,
62,
63,
65,
66,
68,
69,
70,
71,
73,
74,
79,
82,
83,
88,
90,
91,
93,
94,
95,
99,
100,
103,
105,
107,
115,
117,
121,
131,
132,
133,
135,
138,
139,
141,
148,
152,
156,
176,
177,
178,
182,
183,
188,
204,
208,
209,
211,
213,
215,
218,
220,
222,
223,
226,
228,
231,
232,
235,
239,
241,
243,
253,
261,
264,
275,
279,
281,
286,
288,
289,
297,
300,
303,
304,
312,
316,
321,
323,
324,
328,
330,
337,
340,
341,
342,
346,
348,
349,
350,
354,
362,
363,
365,
367,
371,
379,
384,
385,
389,
395,
407,
415,
422,
429,
430,
432,
434,
435,
436,
438,
439,
444,
446,
447,
449,
455,
457,
462,
466,
467,
468,
469,
470,
471,
472,
478,
494,
496,
500,
513,
516,
524,
528,
540,
554,
555,
557,
564,
574,
575,
580,
585,
586,
588,
591,
594,
595,
597,
598,
599,
601,
604,
605,
606,
609,
611,
632,
639,
645,
655,
658,
659,
661,
667,
668,
675,
676,
678,
682,
683,
690,
691,
692,
693,
702,
704,
707,
709,
710,
712,
716,
718,
719,
722,
723,
727,
736,
742,
743,
760,
764,
782,
787,
791,
798,
803,
804,
806,
808,
809,
812,
823,
831,
832,
834,
841,
845,
848,
857,
864,
865,
866,
888,
916,
917,
919,
921,
923,
930,
954,
959,
964,
971,
973,
985,
990,
991,
998,
1005,
1028,
1029,
1032,
1033,
1034,
1035,
1037,
1042,
1046,
1047,
1051,
1052,
1054,
1076,
1114,
1125,
1127,
1128,
1129,
1134,
1135,
1138,
1139,
1140,
1141,
1142,
1143,
1151,
1159,
1164,
1166,
1167,
1172,
1178,
1188,
1191,
1194,
1197,
1198,
1202,
1203,
1204,
1206,
1207,
1208,
1218,
1232,
1272,
1273,
1274,
1275,
1276,
1286,
1298,
1299,
1312,
1363,
1502,
1519,
1536,
1554,
1568,
1570,
1574,
1576,
1580,
1581,
1582,
1585,
1586,
1591,
1592,
1593,
1594,
1611,
1612,
1613,
1614,
1618,
1623,
1632,
1633,
1668,
1669,
1673,
1674,
1675,
1677,
1682,
1684,
1687,
1688,
1689,
1690,
1691,
1692,
1698,
1702,
1703,
1721,
1722,
1727,
1728,
1738,
1744,
1745,
1766,
1767,
1771,
1775,
1784,
1790,
1804,
1812,
1813,
1814,
1868,
1869,
1887,
1888,
1899,
1900,
1923,
1925,
1926,
1928,
1956,
1959,
1961,
2000,
2012,
2014,
2023,
2027,
2031,
2043,
2048,
2075,
2082,
2083,
2084,
2085,
2092,
2093,
2100,
2192,
2197,
2204,
2226,
2232,
2236,
2256,
2261,
2262,
2263,
2270,
2273,
2284,
2401,
2409,
2410,
2411,
2412,
2414,
2450,
2472,
2475,
2480,
2494,
2496,
2507,
2513,
2523,
2528,
2532,
2534,
2553,
2554,
2556,
2564,
2571,
2575,
2634,
2635,
2694,
2698,
2748,
2758,
2825,
2833,
2834,
2836,
2852,
2900,
2905,
2991,
3141,
3151,
3154,
3155,
3158,
3164,
3165,
3172,
3262,
3308,
3312,
3344,
3561,
3598,
3605,
3616,
3619,
3646,
3656,
3663,
3668,
3691,
3713,
3840,
3852,
3866,
3880,
3903,
3907,
3919,
3934,
3977,
3978,
4038,
4108,
4111,
4135,
4148,
4227,
4229,
4333,
4365,
4416,
4419,
4420,
4436,
4463,
4465,
4469,
4480,
4482,
4514,
4546,
4611,
4615,
4641,
4657,
4727,
4736,
4747,
4748,
4820,
4827,
4828,
4830,
4889,
4891,
4956,
4982,
5208,
5210,
5213,
5230,
5236,
5274,
5280,
5286,
5306,
5311,
5314,
5342,
5343,
5366,
5369,
5445,
5463,
5534,
5563,
5568,
5584,
5586,
5591,
5599,
5692,
5712,
5731,
5734,
5736,
5739,
5742,
5743,
5746,
5747,
5749,
5766,
5771,
5796,
5838,
5843,
5847,
5856,
5863,
5884,
5914,
5927,
5928,
5929,
5931,
5935,
5943,
5948,
5961,
5978,
5984,
5990,
5993,
6019,
6023,
6028,
6062,
6067,
6068,
6070,
6071,
6083,
6119,
6126,
6168,
6170,
6172,
6177,
6186,
6207,
6246,
6252,
6283,
6493,
6527,
6536,
6539,
6553,
6555,
6586,
6596,
6627,
6652,
6676,
6684,
6721,
6729,
6742,
6756,
6792,
6826,
6828,
6856,
6911,
6951,
6965,
6975,
6996,
7000,
7001,
7014,
7017,
7035,
7056,
7059,
7090,
7176,
7227,
7237,
7238,
7621,
7628,
7630,
7639,
7643,
7644,
7649,
7650,
7661,
7663,
7669,
7675,
7676,
7708,
7724,
7762,
7833,
7835,
7853,
7854,
7866,
7869,
7897,
7913,
7938,
7947,
7953,
7968,
8002,
8020,
8022,
8023,
8024,
8025,
8026,
8031,
8045,
8048,
8049,
8050,
8054,
8058,
8061,
8062,
8063,
8064,
8075,
8076,
8079,
8081,
8135,
8136,
8137,
8147,
8152,
8169,
8196,
8202,
8204,
8224,
8239,
8240,
8246,
8247,
8262,
8313,
8315,
8318,
8319,
8342,
8347,
8349,
8350,
8358,
8376,
8389,
8395,
8397,
8398,
8401,
8412,
8450,
8452,
8457,
8463,
8467,
8469,
8474,
8475,
8479,
8482,
8484,
8491,
8495,
8512,
8516,
8531,
8534,
8542,
8546,
8547,
8555,
8631,
8641,
8650,
8651,
8675,
8682,
8704,
8705,
8706,
8774,
8778,
8816,
8827,
8830,
8832,
8836,
8838,
8840,
8841,
8843,
8847,
8853,
8855,
8871,
8942,
8947,
8948,
8950,
8951,
8956,
8957,
8958,
9000,
9002,
9006,
9014,
9022,
9025,
9028,
9059,
9070,
9077,
9107,
9120,
9121,
9124,
9143,
9202,
9203,
9273,
9367,
9370,
9371,
9372,
9384,
9388,
9403,
9413,
9416,
9417,
9418,
9419,
9423,
9424,
9429,
9431,
9432,
9436,
9437,
9442,
9444,
9445,
9447,
9448,
9449,
9457,
9464,
9480,
9481,
9486,
9491,
9494,
9496,
9502,
9504,
9506,
9520,
9527,
9528,
9531,
9532,
9535,
9537,
9539,
9541,
9543,
9572,
9573,
9579,
9582,
9583,
9584,
9588,
9591,
9607,
9623,
9624,
9625,
9626,
9628,
9643,
9644,
9646,
9647,
9652,
9683,
9688,
9690,
9692,
9701,
9706,
9709,
9710,
9713,
9721,
9723,
9729,
9732,
9733,
9734,
9746,
9748,
9750,
9751,
9754,
9759,
9760,
9763,
9857,
9864,
9866,
9868,
9886,
9891,
9892,
9909,
9917,
10004,
10019,
10026,
10060,
10067,
10071,
10072,
10084,
10087,
10108,
10120,
10147,
10150,
10152,
10156,
10186,
10202,
10203,
10207,
10210,
10211,
10221,
10226,
10230,
10238,
10261,
10262,
10269,
10273,
10274,
10276,
10278,
10283,
10284,
10285,
10287,
10288,
10336,
10340,
10388,
10457,
10497,
10500,
10502,
10521,
10526,
10548,
10549,
10550,
10552,
10553,
10554,
10555,
10557,
10588,
10608,
10614,
10616,
10618,
10624,
10632,
10653,
10654,
10681,
10682,
10683,
10685,
10687,
10688,
10690,
10693,
10701,
10737,
10749,
10750,
10761,
10763,
10765,
10766,
10767,
10768,
10772,
10773,
10774,
10776,
10777,
10784,
10787,
10796,
10797,
10806,
10807,
10809,
10811,
10821,
10822,
10824,
10825,
10826,
10827,
10828,
10838,
10839,
10840,
10851,
10858,
10860,
10861,
10862,
10863,
10865,
10866,
10868,
10869,
10871,
10872,
10873,
10874,
10875,
10876,
